-9.132124e-02
-2.719369e-01
-8.426940e-01
-1.427961e+00
-1.176033e+00
1.508907e-01
2.049773e+00
3.014982e+00
2.319396e+00
1.900201e-02
-2.886398e+00
-4.734617e+00
-3.632655e+00
-6.124754e-02
3.952991e+00
5.986090e+00
4.361391e+00
-5.157971e-02
-5.119638e+00
-7.589945e+00
-5.630858e+00
1.896072e-01
6.454428e+00
9.240936e+00
6.651002e+00
-1.705766e-01
-7.425902e+00
-1.068367e+01
-7.709316e+00
7.207826e-02
8.273820e+00
1.196820e+01
8.507781e+00
-2.022234e-01
-9.143621e+00
-1.300061e+01
-9.166910e+00
1.705748e-01
1.008693e+01
1.441504e+01
1.027223e+01
-3.158892e-01
-1.103738e+01
-1.587017e+01
-1.135562e+01
3.776977e-02
1.204223e+01
1.699236e+01
1.206166e+01
-5.610238e-02
-1.260002e+01
-1.801594e+01
-1.308588e+01
4.032331e-02
1.369391e+01
1.949636e+01
1.369966e+01
-4.511016e-01
-1.491485e+01
-2.092587e+01
-1.471629e+01
2.597805e-01
1.556570e+01
2.209795e+01
1.571919e+01
-1.343146e-01
-1.634503e+01
-2.324344e+01
-1.660633e+01
2.391104e-01
1.746618e+01
2.486678e+01
1.766970e+01
-1.546403e-01
-1.824560e+01
-2.617464e+01
-1.888881e+01
-3.250222e-01
1.896909e+01
2.743495e+01
1.991781e+01
8.282042e-01
-1.811896e+01
-2.585693e+01
-1.837787e+01
-4.495892e-01
1.709741e+01
2.433732e+01
1.722961e+01
3.258410e-01
-1.600885e+01
-2.265261e+01
-1.607399e+01
-4.187485e-01
1.496921e+01
2.127515e+01
1.538571e+01
7.087322e-01
-1.371440e+01
-1.993527e+01
-1.430782e+01
-8.444919e-01
1.249480e+01
1.811219e+01
1.303513e+01
9.677112e-01
-1.109562e+01
-1.632067e+01
-1.187290e+01
-7.627940e-01
1.024764e+01
1.501329e+01
1.125585e+01
1.276189e+00
-9.031130e+00
-1.363693e+01
-1.044914e+01
-1.227082e+00
8.404146e+00
1.271700e+01
9.624148e+00
1.240105e+00
-7.332673e+00
-1.086321e+01
-8.122891e+00
-6.507302e-01
6.770112e+00
1.020236e+01
7.780601e+00
9.832783e-01
-6.083064e+00
-9.410921e+00
-7.038189e+00
-1.081295e+00
5.234675e+00
8.141587e+00
6.423074e+00
1.193825e+00
-4.166757e+00
-7.038394e+00
-5.801730e+00
-1.370090e+00
3.513358e+00
6.035047e+00
4.934522e+00
1.365369e+00
-2.549493e+00
-4.536465e+00
-3.789988e+00
-1.507762e+00
1.255057e+00
2.628684e+00
2.472820e+00
1.085312e+00
-5.095062e-01
-1.256036e+00
-1.041493e+00
-7.597211e-02
6.125386e-01
6.833785e-01
3.094853e-01
-2.156741e-01
-6.506117e-01
-7.505943e-01
-7.409302e-01
-3.954976e-01
3.204457e-02
2.997266e-01
3.464422e-01
1.977219e-02
-5.377603e-01
-1.353692e-01
8.898895e-03
2.300516e-01
4.268662e-01
3.509102e-01
-4.229798e-02
-6.470298e-01
-6.611004e-01
2.037374e-01
6.731539e-01
6.360699e-01
3.101142e-01
-9.242585e-02
-3.002666e-01
-4.882521e-01
-5.081332e-01
5.674977e-02
6.730103e-01
8.773578e-01
7.709295e-01
4.014210e-02
-1.069837e+00
-1.599799e+00
-1.176535e+00
-4.244616e-01
5.398008e-01
1.183123e+00
6.422990e-01
-1.686914e-01
-7.155706e-01
-8.692704e-01
-8.298482e-01
-4.780771e-01
1.424692e-01
5.960990e-01
4.363655e-01
-1.005196e-01
-6.974114e-01
-1.198917e+00
-7.944632e-01
3.268765e-01
1.429929e+00
1.879355e+00
1.089337e+00
-7.938282e-02
-1.317586e+00
-1.693262e+00
-8.993409e-01
5.601055e-01
1.776459e+00
2.112255e+00
8.550864e-01
-8.552227e-01
-2.093016e+00
-2.194522e+00
-1.172877e+00
2.019862e-01
1.455048e+00
2.004159e+00
1.399760e+00
2.660855e-01
-9.752858e-01
-1.587247e+00
-1.407272e+00
-3.690792e-01
8.110273e-01
1.125781e+00
5.971045e-01
-1.625099e-01
-9.689897e-01
-1.237980e+00
-7.116919e-01
-1.255684e-02
1.185084e+00
1.677542e+00
1.424247e+00
4.047104e-01
-8.418884e-01
-1.636828e+00
-1.340241e+00
-5.155858e-01
7.882545e-01
1.411134e+00
1.094831e+00
2.243638e-01
-6.388094e-01
-8.571843e-01
-1.103664e+00
-1.020815e+00
-8.603249e-03
1.412551e+00
1.713889e+00
9.771717e-01
-5.271345e-01
-2.005888e+00
-2.267848e+00
-1.651097e+00
-2.370916e-02
1.852199e+00
2.531659e+00
1.917098e+00
3.992304e-01
-1.435091e+00
-2.458053e+00
-1.978624e+00
-3.587478e-01
1.506882e+00
2.634745e+00
2.000607e+00
2.274032e-01
-1.553375e+00
-2.202201e+00
-1.383427e+00
1.852015e-01
1.642518e+00
2.175460e+00
1.396230e+00
-3.890195e-01
-1.729392e+00
-2.135473e+00
-1.217112e+00
3.602914e-01
1.507203e+00
1.799018e+00
8.740200e-01
-4.246792e-01
-1.640367e+00
-1.833064e+00
-6.050898e-01
9.523471e-01
1.842755e+00
1.819329e+00
7.874388e-01
-7.245559e-01
-2.010572e+00
-1.804372e+00
-6.223665e-01
7.460526e-01
1.714405e+00
1.777241e+00
8.290611e-01
-1.069793e-01
-8.154252e-01
-1.061102e+00
-5.939517e-01
3.076377e-01
1.060050e+00
8.235457e-01
1.320059e-01
-4.344183e-01
-7.619515e-01
-6.506032e-01
1.547231e-01
5.775804e-01
6.799441e-01
9.468145e-02
-4.826793e-01
-6.782801e-01
-3.801423e-01
-1.784108e-01
5.107168e-02
2.152003e-01
3.866559e-01
3.064381e-01
1.706132e-02
-4.412383e-01
-5.675579e-01
1.595715e-01
7.773225e-01
4.550909e-01
-5.024545e-01
-1.078169e+00
-9.100930e-01
-3.929202e-01
6.009835e-01
1.346402e+00
1.573358e+00
5.176112e-01
-1.095576e+00
-2.094093e+00
-1.749654e+00
-1.283360e-01
1.563280e+00
2.238792e+00
1.853977e+00
6.054673e-01
-1.141795e+00
-2.050760e+00
-1.584217e+00
-4.940711e-01
9.265212e-01
1.667001e+00
1.270372e+00
2.121939e-01
-1.058884e+00
-1.812817e+00
-1.418197e+00
-2.026918e-01
1.311471e+00
1.991991e+00
1.270119e+00
-2.222306e-01
-1.557939e+00
-2.320365e+00
-1.729900e+00
1.689783e-02
2.136667e+00
2.999936e+00
1.806547e+00
-2.350181e-01
-2.013928e+00
-2.471293e+00
-1.454728e+00
6.232675e-01
2.623261e+00
2.557473e+00
1.284010e+00
-7.086365e-01
-2.235075e+00
-2.540767e+00
-1.391944e+00
-3.297786e-02
1.088223e+00
1.550249e+00