000000000000000000000000000000000000000
000000000000000000000000000000000000000
000000000000000000000000000000000000000
000000000000000000000000000000000000000
000000000000000000000000000000000000000
111111111111010001001111100101011110000
111111111101110100110001001010111001110
111111111001010000100010100110100000100
111111110100100100111000100011111010110
111111110110100101110111110000111100110
000000000001001101010000011000101111010
000000010000011001011110111101111111001
000000011000000111101010111011100101100
000000010010100011100001111110101010110
000000000000001001101110101010000110001
111111101000111010001010100000110110100
111111011010000111111000000100101100100
111111100010111100000101001010111111110
111111111111100000101001000010100110100
000000011111100111111011100111110011010
000000101111111000111000001100111100111
000000100010111001000010000011001000011
111111111111100101100101110101100001000
111111010111000010101111101101111010110
111111000011010001111100101100010010000
111111010010111101000000000011111001010
000000000001100001000101000011001000110
000000110011101000101010101100101000000
000001001001111011010110111111101111011
000000110101001101010100000011000110001
111111111110101000101010100011000001100
111111000100100101111100000010001001001
111110101010100001111101011111010101100
111111000010010100110101000111111110100
000000000000100100111001110111000100100
000001000010001100001100100011001100000
000001011111101111101110000010110101110
000001000100000011111110111110111110100
111111111110011000011101100010110100010
111110110110110110011101110100010110001
111110010111111111101100000100010001101
111110110110101010100010101100000010000
000000000001010111010101011001010001111
000001010000101100100000010111101111110
000001110011010100100000000111100000111
000001010010001011011000100000011001100
111111111101011110010000111100010111100
111110100111101100110110111110000000011
111110000001000010011110001101000011010
111110100101001001111010111111010100101
000000000000010011010101101000111100110
000001100000010101100111111100100100110
000010000111111100000101101101110111101
000001100000011111100100100101111111101
111111111111100011010001101000110010011
111110011011001100110010100010000110101
111101101111110111110101101000010011001
111110010111010100000001110001110010101
000000000000010100101001010100000111100
000001101101100011010001111010000111001
000010011011111110001000110010100010010
000001101101100110001110100011101101001
111111111100011001000010010011010011101
111110001000101011100110000111111001111
111101011000100101111101000111111111110
111110001010010001010000101110000000010
000000000010000101000000011111000111100
000001111100100001101000111010100110001
000010110000110010001001101011000011100
000001111101110000001110010011101000001
111111111110111011001110110001110010010
111101111101001111010110000001110100110
111101000110000011010111000011110101111
111101111011001001100011111000011001111
000000000001111010011011001010110101000
000010001011101110101011110110001100010
000011000110111011110010110010001011000
000010001101010110111000100111100111111
111111111110110000110100101111110001011
111101101110000010010000001011100110111
111100101110100110100101011011101101010
111101101000111000111011100010011111001
111111111101011001100101101011001000010
000010010111110000001011001011110101111
000011011011011110101100100011000011110
000010011111010101111010101110011100010
000000000110101000000010100110000011011
111101101111000011000101110001000010011
111100110001001001010000001011011001110
111101101100111110100010000010100100101
111111111100011001110011110111000100011
000010001000110001110111111000001100111
000011000010101100101101010001110100001
000010001001110101100011111100010010101
000000000010100110110101001010000101100
111101111111111011011110000100111011100
111101001010110001110111010000110001110
111101111111011010000111100111001000111
111111111100101001100110011100101010001
000001110111110000001110111111111010010
000010101010001100111000000101110011000
000001111011000101011111000001011110000
000000000101101010110111101111000110110
111110010010010010001110011011010011000
111101100000100001001001000001110010100
111110001101100010011001011001111010000
111111111001001111100111101100000100011
000001100011111101010101100100011010010
000010010000111001011100001101011100011
000001101000010001111110111111011100011
000000000111101111011101111101011110100
111110100111001111000010110100100110100
111101111101011011110100001100100011100
111110100001000001000100111000001110011
111111111001111001011100110001000010000
000001010001111110110010110000001100111
000001111000000110110011011001011110000
000001011010000010111111110010110111001
000000001010001101011010001001110000111
111110110111110000000011111011010110011
111110010010111001111001000110000000011
111110101100011010000010100001010111110
111111110110001011101110111110001011010
000001000011001110111011000011010101011
000001100101101111000110101011010100010
000001001100111111100100000100111011111
000000001001111010111011110001000011100
111111000101010101101010111110110011101
111110101001000110000010010101111010100
111110111111000001000101000111100001111
111111111010110010110100110111111001011
000000110110001010010011000001010111010
000001010001100111100111000001011010010
000000111110001111101010101110110101010
000000000111110111011100000100000111111
111111001111010101011110001010111101000
111110110100101101100110111011110110100
111111000111101100011100101000001011001
111111110111010110011000001000010010100
000000101001111000001001110100101101110
000001000001001000011111100001111101011
000000110011011000100111010001011111101
000000001001100011001111010001001111101
111111011110101010100111101100111101011
111111000111101100010101111001100111001
111111010001100101100000111001011100101
111111110101000010100000111000100110110
000000011100000110110101101101111111101
000000110000010001111100011011001111101
000000100111011110011110011010111100110
000000001010111011000100011010111110010
111111101011100110101010001100101001001
111111011011101101010101000110011110000
111111100001101011100001101011011010101
111111110011111100000001101001010101100
000000001010000010100101101101100110100
000000010101000001111000101101100010101
000000010011110010000101011000000011000
000000001000101011101011100000001110010
111111111011111011001000100000000000001
111111110101111100111010001101100110010
111111110111101010110000010110000100100
111111111111011001000110100010111100011
000000000100111001100111101010100111110
000000000101011101111000111100101011001
000000000010011110011101001101101110011
111111111110010001100100110010101010001
111111111010110010111000110000010101101
111111111001111111101100100001101011101
111111111010000100101001001100110110001
111111111100110101100000010101011101101
000000000000010000011010000010010101100
000000000010011001011101011100010000010
000000000010110001011000001110000010011
000000000000001010000111111001010010010
111111111011101100101010101010110110101
111111111110111010101100001110000111000
000000000000000100100011100110010101100
000000000001110101110010010101000111110
000000000011011010100011100011001101010
000000000010110011101010101000000001111
111111111111101010010101111110101100111
111111111010110100101110001000001111110
111111111010101101100001000011111110101
000000000001101000010100000100010100010
000000000101011000101001111010000110001
000000000101000101101010101111010110110
000000000010011110110001110100101000111
111111111111010000101011011000111100001
111111111101100110010000110111001101100
111111111100000110000000111101000101011
111111111011111011110101011111100000101
000000000000011101000011100100111001000
000000000101011000100101001100111110110
000000000111000001001101010000100101110
000000000110001010101101110100001111100
000000000000010100100011011000000101001
111111110111011100001111100101010111010
111111110011001100111001110001101111001
111111110110100101100111010010110110111
111111111100100110101011001111100011001
000000000100010100011000001100010000111
000000001001011101110000100101110010100
000000000101001000110110110110101110101
111111111110101001101000010100100101010
111111111010010001101000001011101100110
111111111001000010111011101111110001111
111111111001010111000111100010001001000
111111111100001011001110010111100101001
000000000001001000111100011011100101011
000000000100110001001100111110001100110
000000000011011111011010110100110010111
111111111111001100100010001011000010010
111111111010011010111011001110011000101
111111110110011010001001111001011000011
111111111001101001001111000001110011101
000000000010100111010111000101100110101
000000001011011100000111111011011001101
000000001111000010001110101101101110000
000000001000101101101111011001000111100
111111111111010111010110110010001010010
111111110101011101011001010110100110001
111111110010011101000011001011010110100
111111111000110011100010011001010111101
000000000100011110110001100010010011111
000000001110001101100011000000010001001
000000010000111001011110011000001011100
000000000110110101110011011110001001111
111111111001001010001000000100000110011
111111101111010000011000000010110011010
111111101110011100011001111001010111000
111111110110100111011111001010000011110
000000000001100111011010101011110011100
000000001011101000111111000001000110111
000000010000000010001000010010111000111
000000001011001100101011010110011001101
000000000010001000001111000101110101000
111111111000001100101001110101100001111
111111110011010011010101000101010000011
111111110100101111011110100000001011100
111111111101000011000010000000110100000
000000000110011111001111101111100101111
000000001001000000011001100101100101111
000000000100110001101101111010111001000
111111111110101100110010111000000100111
111111111000001111111000001001001110010
111111110110000110001001111000000111000
111111111010010011100111010001110101010
111111111111111001100100100010011001111
000000001001011110110000110101101110001
000000001101011010111001101100110000001
000000001011011001001101101111001111111
000000000011001111001101100011001000100
111111111001010000111100111111111111010
111111110010111001111100011010110010011
111111110101010001110010111110001000000
111111111011111000000001010010001110000
000000000110010011100101100001100001101
000000001011010010100000000011001000101
000000001000110000100011011010110111000
000000000001110010110111111101000001111
111111111010111000111011011111100111100
111111111001001001000111110010010011010
111111110111001010111011001001001101101
111111110111110101010101111010110000010
111111111111111011100110000101101011100
000000001011010011001110011101011000000
000000001101101101100000101101010010100
000000000111110100010011111101101010101
111111111011110010000110110110111001011
111111101111111100111111000100101010011
111111101101110110110111001010001011100
111111110010110010101000110110001010010
111111111111110011110111000110010010001
000000001110110100010100110110011100100
000000010100010000001101011001000111111
000000001111010101100011011101100100011
000000000011001100011001111110110110100
111111110100100001001110111011100011111
111111101100010101011110100000011011110
111111110000001010111100011101010000010
111111111101001000010100100011011000010
000000001100000011100001100001000100010
000000010101000100111111010101010011110
000000010000000000010011110111111011010
000000000001110100011011100011000111010
111111110011100100101011000001000010111
111111101110011000011110010010101010101
111111110100111011101011110111011001000
000000000001011110110100101011101001000
000000001101001000111110000010101111110
000000010001011001110101011110011011100
000000001011001010110111101011000001101
111111111100111000110100100110111111001
111111110010001010100011010011001000000
111111101110111010101000110101001101001
111111110110010000110101101010100000110
000000000010111000011110000001111010100
000000001100000011101100000001000111001
000000001110011001000110001110011010010
000000000110111111011111111000110101001
111111111100100110100100000111001110100
111111110010111000001000011100011001111
111111110001010101011110001010010101111
111111111011001010001100011010110010101
000000000111100111100110100000100100010
000000001110101111011111011000101010101
000000001110100011011111110000100110000
000000000110010011001010110010110001011
111111111010001101000001110000001110101
111111101111111010100101100100110011011
111111110001100100001010010110000001000
111111111011000001010110010010110011011
000000000101111101111110101001100110110
000000001101101101110001100111100000100
000000001110001101111100101000001111111
000000000110101000011110101011001111010
111111111111001001001110100000001100010
111111111001011110100000001001011111000
111111110111100000101101110011101001100
111111111011001111111001011000111110100
000000000010011101100000101011000011101
000000001000011110101111101101101001011
000000000110100101101001111100100011111
000000000001000011100101100100010110011
111111111100100001100100111110110000111
111111111001111001111000010111110100110
111111111010110010111001000010001100101
000000000001001111001101111101111010001
000000000100100111101110001001110100110
000000000101011100001000011010001100100
000000000000110000011110100001011001010
111111111100001000110111100100000100111
111111111010100100101110000111100010110
111111111100111101010111011111101110100
111111111110100100101001110101011011010
000000000000011010001001100001000100101
000000000001101110001011101011110101111
000000000011000101111101111100001110101
000000000010011100111001010111001111000
000000000000001000101111000100001011011
111111111100011110000101100000001011110
111111111011011101011010010000101101101
000000000001010001101100110101110000110
000000000110001101111111010011011011110
000000000011101001000000011010110101000
111111111011111110101111100100100001000
111111110111010111111110100010111101011
111111111000101110000010000100101110101
111111111100110110110100110010101011100
000000000100110011101101000001101011100
000000001010110001010110111001011101101
000000001100100101100011110010010101100
000000000100001001000001000101010110101
111111110111001111000100001001100011101
111111101111001111110100110000100100110
111111110010000000001011010101010101010
111111111110111110010010101011111100011
000000001100100000011001100100100001010
000000010001111010010000101111101010101
000000001110110101001111000111001011000
000000000100110101111111111101000001000
111111110110110111011001101011000100100
111111101111100110000000101100000111001
111111110011010100111000010111101000011
111111111100000011000010010001111001110
000000000111011010011000001111101110101
000000001101010101100000010001011111000
000000001010001010011011100010111001111
000000000001101100101001001010110011101
111111110111100001110110011111101100010
111111110001011111110101100110100101100
111111110100101001111000100010001111010
111111111110011000001110001100100100001
000000001010011111011110010010000100101
000000001111111011111001100011000011100
000000001010001010010011010001100111000
111111111110001110001101111100101110110
111111110011100010010101011101011100101
111111101101011011111110010001100010010
111111110010001010010010101000010001100
000000000000001000101001101101010100111
000000010001000101111110010100001011110
000000010111111111111101111001011010110
000000001110011100111100111100000111111
111111111110000111101010111011010110101
111111101111111000110111100110001010001
111111101100001110101100101011111001011
111111110100010111001011011110100101101
000000000100111111000111001110101001000
000000010100111111000111000001001111010
000000010100011101011011010010101000011
000000001010010001011010011101001000010
111111111010010101001011011001100111010
111111101110000111101001000011111100111
111111101011101011001000001001001110001
111111110100110111010100110010010001100
111111111111101111000111011000011010000
000000001000101101001010111001011110101
000000001100011001101110100011110100101
000000000110110111000011101101010011110
111111111100001111010101110001111110010
111111110100001011111100111100111100000
111111110101011111110010011100101111010
111111111011001110111001001010001011000
000000000010101110010001111100000010111
000000001001001000000011000101010001101
000000001001010110000111011000001111001
000000000011001101100011010100000110001
111111111011101011000110001010100000010
111111110110110101111010111101000011010
111111111000110111011100101101001011101
111111111111010101111100010101011101111
000000000101100101001101010101001000111
000000001001000100011110010000110101111
000000001001001010011000101111111101101
000000000011111101100100101110100010011
111111111100111110000110100100100101000
111111110111110001000001110101100001100
111111111000011100101110111001010101100
111111111101000110110101001010010110001
000000000011100101011110100010100100001
